   M  G  I  P  M  G  K  S  M  L  V  L  L  T  F  L  A  F  A  S  C  C  I  A  A  Y  R  P  S  E  T  L  C  G  G  E  L  V  D  T  L  Q  F  V  C  G  D  R  G  F  Y  F  S  R  P  A  S  R  V  S
M 22 21 21 20 21 20 20 20 21 19 19 19 19 19 19 18 18 18 18 17 17 17 17 16 16 15 14 13 12 12 12 12 12 12 12 12 11 11 11 11 10 10 10 09 09 09 09 08 07 07 06 06 06 05 04 03 03 02 01 00
P 20 20 20 21 20 20 20 20 20 19 19 19 19 19 19 18 18 18 18 17 17 17 17 16 16 15 14 14 12 12 12 12 12 12 12 12 11 11 11 11 10 10 10 09 09 09 09 08 07 07 06 06 06 05 05 03 03 02 01 00
R 20 20 20 20 20 20 20 20 20 19 19 19 19 19 19 18 18 18 18 17 17 17 17 16 16 15 15 13 12 12 12 12 12 12 12 12 11 11 11 11 10 10 10 09 09 09 08 09 07 07 06 06 05 06 04 03 02 03 01 00
L 20 20 20 19 19 19 19 19 19 20 18 19 19 18 18 19 18 18 18 17 17 17 17 16 16 15 14 13 12 12 12 12 11 11 11 11 12 11 10 10 11 10 10 09 09 09 08 08 07 07 06 06 05 05 04 03 02 02 01 00
H 20 20 20 19 19 19 19 19 19 19 18 18 18 18 18 18 18 18 18 17 17 17 17 16 16 15 14 13 12 12 12 11 11 11 11 11 11 11 10 10 10 10 10 09 09 09 08 08 07 07 06 06 05 05 04 03 02 02 01 00
D 20 20 20 19 19 19 19 19 19 19 18 18 18 18 18 18 18 18 18 17 17 17 17 16 16 15 14 13 12 12 12 11 11 11 10 10 10 10 11 10 10 10 10 09 09 08 09 08 07 07 06 06 05 05 04 03 02 02 01 00
H 20 20 20 19 19 19 19 19 19 19 18 18 18 18 18 18 18 18 18 17 17 17 17 16 16 15 14 13 12 12 12 11 11 11 10 10 10 10 10 10 10 10 10 09 09 08 08 08 07 07 06 06 05 05 04 03 02 02 01 00
V 20 20 20 19 19 19 19 18 18 18 19 18 18 18 18 18 18 18 18 17 17 17 17 16 16 15 14 13 12 12 12 11 11 11 10 10 09 10 09 09 09 09 09 10 09 08 08 08 07 07 06 06 05 05 04 03 02 01 02 00
W 20 20 20 19 19 19 19 18 18 18 18 18 18 18 18 18 18 18 18 17 17 17 17 16 16 15 14 13 12 12 12 11 11 11 10 10 09 09 09 09 09 09 09 09 09 08 08 08 07 07 06 06 05 05 04 03 02 01 01 00
S 20 20 20 19 19 19 19 19 18 18 18 18 18 18 18 18 18 18 18 18 17 17 17 16 16 15 14 13 13 12 12 11 11 11 10 10 09 09 09 09 09 09 09 09 09 08 08 08 07 07 06 06 06 05 04 03 03 01 01 01
Y 20 20 20 19 19 19 19 18 18 18 18 18 18 18 18 18 18 18 18 17 17 17 17 16 15 16 14 13 12 12 12 11 11 11 10 10 09 09 09 09 09 09 09 09 09 08 08 08 07 07 07 06 05 05 04 03 02 01 01 00
P 19 19 19 20 19 19 19 18 18 18 18 18 18 18 18 18 18 18 18 17 17 17 17 16 15 15 14 14 12 12 12 11 11 11 10 10 09 09 09 09 09 09 09 09 09 08 08 08 07 07 06 06 05 04 05 03 02 01 01 00
S 19 19 19 19 19 18 18 19 18 18 18 18 18 18 18 18 18 18 17 18 17 17 17 16 15 15 14 13 13 12 12 11 11 11 10 10 09 09 09 09 09 09 09 09 09 08 08 08 07 07 06 06 06 04 04 03 03 01 01 01
A 19 19 19 19 19 18 18 18 18 18 18 18 18 18 18 18 18 17 18 17 17 17 17 17 16 15 14 13 12 12 12 11 11 11 10 10 09 09 09 09 09 09 09 09 09 08 08 08 07 07 06 06 05 04 04 04 02 01 01 00
G 18 19 18 18 18 19 18 18 18 18 18 18 18 18 18 18 17 17 17 17 17 17 17 16 15 15 14 13 12 12 12 11 10 11 11 10 09 09 09 09 08 08 08 08 08 09 08 07 08 07 06 06 05 04 04 03 02 01 01 00
A 18 18 18 17 17 17 17 17 17 17 17 17 17 17 17 17 18 17 17 16 16 16 16 17 16 15 14 13 12 12 12 11 10 10 10 10 09 09 09 09 08 08 08 08 08 08 08 07 07 07 06 06 05 04 04 04 02 01 01 00
A 18 18 18 17 17 17 17 16 16 16 16 16 16 16 16 16 17 16 17 15 15 15 15 16 16 15 14 13 12 12 12 11 10 10 10 10 09 09 09 09 08 08 08 08 08 08 08 07 07 07 06 06 05 04 03 04 02 01 01 00
R 18 18 18 17 17 17 17 16 16 16 16 16 16 16 16 16 16 16 16 15 15 15 14 14 14 14 15 13 12 12 12 11 10 10 10 10 09 09 09 09 08 08 08 08 07 07 07 08 07 07 06 06 05 05 03 03 02 02 01 00
P 18 18 18 18 17 17 17 16 16 16 16 16 16 16 16 16 16 16 16 15 15 15 14 14 14 13 13 14 12 12 12 11 10 10 10 10 09 09 09 09 08 08 08 08 07 07 07 07 07 07 06 06 05 04 04 03 02 01 01 00
Y 18 18 18 17 17 17 17 16 16 16 16 16 16 16 16 16 16 16 16 15 15 15 14 13 13 14 13 13 12 12 12 11 10 10 10 10 09 09 09 09 08 08 08 08 07 06 06 06 06 06 07 06 05 04 03 03 02 01 01 00
S 18 18 18 17 17 16 16 17 16 16 16 16 16 16 16 15 15 15 15 16 15 15 14 13 13 13 13 12 13 12 12 11 10 10 10 10 09 09 09 09 08 08 08 08 07 06 06 05 05 05 05 05 06 04 03 02 03 01 01 01
L 18 18 18 17 17 16 16 16 15 16 15 16 16 15 15 16 15 15 15 15 15 15 14 13 13 13 13 12 12 12 12 12 10 10 09 09 10 09 09 09 09 08 08 08 07 06 06 05 05 05 05 05 05 04 03 02 02 01 01 00
P 17 17 17 18 17 16 16 16 15 15 15 15 15 15 15 15 15 15 15 15 15 15 14 13 13 13 12 13 12 12 12 11 10 10 09 09 09 09 09 09 08 08 08 08 07 06 06 05 05 05 05 05 05 04 04 02 02 01 01 00
R 17 17 17 17 17 16 16 16 15 15 15 15 15 15 15 15 15 15 15 15 15 15 14 13 12 12 13 12 12 12 12 11 10 10 09 09 09 09 09 09 08 08 08 08 07 06 06 06 04 04 04 04 04 05 03 02 02 02 01 00
G 16 17 16 16 16 17 16 16 15 15 15 15 15 15 15 15 15 15 15 15 15 15 14 13 12 12 12 12 12 12 12 11 10 10 10 09 09 09 09 09 08 08 08 08 07 07 06 05 05 04 04 04 04 04 03 02 02 01 01 00
M 17 16 15 15 16 15 15 15 16 15 15 15 15 15 15 15 15 15 15 15 15 15 14 13 12 12 12 12 12 12 12 11 10 09 09 09 09 09 09 09 08 08 08 08 07 06 06 05 04 04 04 04 04 04 03 02 02 01 01 00
I 15 15 16 15 15 15 15 15 15 15 15 15 15 15 15 15 15 15 14 14 14 14 15 13 12 12 12 12 12 12 12 11 10 09 09 09 09 09 09 09 08 08 08 08 07 06 06 05 04 04 04 04 04 04 03 02 02 01 01 00
A 14 14 14 14 14 14 14 14 14 14 14 14 14 14 14 14 15 14 15 14 14 14 14 14 13 12 12 12 12 12 12 11 10 09 09 09 09 09 09 09 08 08 08 08 07 06 06 05 04 04 04 04 04 04 03 03 02 01 01 00
A 14 13 13 13 13 13 13 13 13 13 13 13 13 13 13 13 14 13 14 13 13 13 13 14 13 12 12 12 12 12 12 11 10 09 09 09 09 09 09 09 08 08 08 08 07 06 06 05 04 04 04 04 04 04 03 03 02 01 01 00
A 14 13 13 13 13 13 13 13 13 13 13 13 13 13 13 12 13 12 13 12 12 12 12 13 13 12 12 12 12 12 12 11 10 09 09 09 09 09 09 09 08 08 08 08 07 06 06 05 04 04 04 04 04 04 03 03 02 01 01 00
L 14 13 13 12 12 12 12 12 12 13 12 13 13 12 12 13 12 12 12 12 12 11 11 11 11 11 11 11 11 11 11 12 10 09 08 08 09 08 08 08 09 08 08 08 07 06 06 05 04 04 04 04 04 04 03 02 02 01 01 00
C 14 13 13 12 12 11 11 11 11 11 11 11 11 11 11 11 11 11 11 11 12 12 11 11 11 11 11 10 10 10 10 10 11 09 08 08 08 08 08 08 08 07 07 07 08 06 06 05 04 04 04 04 04 04 03 02 02 01 01 00
P 14 13 13 13 12 11 11 11 11 11 11 11 11 11 11 11 11 11 11 11 11 11 11 11 10 10 10 11 10 10 10 10 10 09 08 08 08 08 08 08 08 07 07 07 07 06 06 05 04 04 04 04 04 04 04 02 02 01 01 00
Q 14 13 13 12 12 11 11 11 11 11 11 11 11 11 11 11 11 11 11 11 11 11 11 11 10 10 10 10 10 10 10 10 10 09 08 07 07 07 07 07 07 08 07 07 07 06 06 05 04 04 04 04 04 04 03 02 02 01 01 00
G 13 14 13 12 12 12 11 11 11 11 11 11 11 11 11 11 11 11 11 11 11 11 11 11 10 10 10 09 09 09 09 09 09 10 09 07 07 07 07 07 07 07 07 07 07 07 06 05 05 04 04 04 04 04 03 02 02 01 01 00
P 12 12 12 13 12 11 11 11 11 11 11 11 11 11 11 11 11 11 11 11 11 11 11 11 10 10 10 10 09 09 09 09 09 09 08 07 07 07 07 07 07 07 07 07 07 06 06 05 04 04 04 04 04 04 04 02 02 01 01 00
G 11 12 11 11 11 12 11 11 11 11 11 11 11 11 11 11 11 11 11 11 11 11 11 11 10 10 10 09 09 08 08 08 08 09 09 07 07 07 07 07 07 07 07 07 07 07 06 05 05 04 04 04 04 04 03 02 02 01 01 00
A 11 11 11 10 10 10 10 10 10 10 10 10 10 10 10 10 11 10 11 10 10 10 10 11 11 10 10 09 09 08 08 08 08 08 08 07 07 07 07 07 07 07 07 07 07 06 06 05 04 04 04 04 04 04 03 03 02 01 01 00
P 11 11 11 11 10 10 10 10 10 10 10 10 10 10 10 10 10 10 10 10 10 10 10 10 10 10 10 10 09 08 08 08 08 08 08 07 07 07 07 07 07 07 07 07 07 06 06 05 04 04 04 04 04 04 04 02 02 01 01 00
E 11 11 11 10 10 10 10 10 10 10 10 10 10 10 10 10 10 10 10 10 10 10 10 10 10 10 10 09 09 09 08 08 08 08 08 08 07 07 07 07 07 07 07 07 07 06 06 05 04 04 04 04 04 04 03 02 02 01 01 00
P 11 11 11 11 10 10 10 10 10 10 10 10 10 10 10 10 10 10 10 10 10 10 10 10 09 09 09 10 09 08 08 08 08 08 08 07 07 07 07 07 07 07 07 07 07 06 06 05 04 04 04 04 04 04 04 02 02 01 01 00
E 11 11 11 10 10 10 10 10 10 10 10 10 10 10 10 10 10 10 10 10 10 10 10 10 09 09 09 08 08 09 08 08 08 08 07 08 07 07 07 07 07 07 07 07 07 06 06 05 04 04 04 04 04 04 03 02 02 01 01 00
P 11 11 11 11 10 10 10 10 10 10 10 10 10 10 10 10 10 10 10 10 10 10 10 10 09 09 09 09 08 08 08 08 08 08 07 07 07 07 07 07 07 07 07 07 07 06 06 05 04 04 04 04 04 04 04 02 02 01 01 00
A 11 11 11 10 10 09 09 09 09 09 09 09 09 09 09 09 10 09 10 09 09 09 09 10 10 09 09 08 08 08 08 08 08 08 07 07 07 07 07 07 07 07 07 07 07 06 06 05 04 04 04 04 04 04 03 03 02 01 01 00
P 10 10 10 11 10 09 09 09 09 09 09 09 09 09 09 09 09 09 09 09 09 09 09 09 09 09 08 09 08 08 08 08 08 08 07 07 07 07 07 07 07 07 07 07 07 06 06 05 04 04 04 04 04 03 04 02 02 01 01 00
R 10 10 10 10 10 09 09 09 09 09 09 09 09 09 09 09 09 09 09 09 09 09 09 09 09 09 09 08 08 08 08 08 08 08 07 07 07 07 07 07 07 07 07 07 07 06 06 06 04 04 04 04 04 04 03 02 02 02 01 00
G 09 10 09 09 09 10 09 09 09 09 09 09 09 09 09 09 09 09 09 09 09 09 09 09 09 09 08 08 08 07 07 07 07 08 08 07 07 07 07 07 07 06 06 06 06 07 06 05 05 04 04 04 04 03 03 02 02 01 01 00
Q 09 09 09 09 09 09 09 09 09 09 09 09 09 09 09 09 09 09 09 09 09 09 09 09 09 09 08 08 08 07 07 07 07 07 07 06 06 06 06 06 06 07 06 06 06 06 06 05 04 04 04 04 04 03 03 02 02 01 01 00
R 09 09 09 09 09 08 08 08 08 08 08 08 08 08 08 08 08 08 08 08 08 08 08 08 08 08 09 08 08 07 07 07 07 07 07 06 06 06 06 06 06 06 06 06 06 05 05 06 04 04 04 03 03 04 03 02 01 02 01 00
E 09 09 09 09 09 08 08 08 08 08 08 08 08 07 07 07 07 07 07 07 07 07 07 07 07 07 07 07 07 08 07 07 07 07 06 07 06 06 06 06 06 06 06 06 06 05 05 05 04 04 04 03 03 03 03 02 01 01 01 00
G 08 09 08 08 08 09 08 08 08 08 08 08 08 07 07 07 06 06 06 06 06 06 06 06 06 06 06 06 06 06 06 06 06 07 07 06 06 06 06 05 05 05 05 05 05 06 05 05 05 04 04 03 03 03 03 02 01 01 01 00
T 07 07 07 07 07 07 07 07 07 07 07 07 07 08 07 07 06 06 06 06 06 06 06 06 05 05 05 05 05 05 06 05 05 05 05 05 05 05 05 06 05 05 05 05 05 05 05 05 04 04 04 03 03 03 03 02 01 01 01 00
A 07 07 07 07 07 06 06 06 06 06 06 06 06 06 06 06 07 05 06 05 05 05 05 06 06 05 05 05 05 05 05 05 05 05 05 05 05 05 05 05 05 05 05 05 05 05 05 05 04 04 04 03 02 02 02 03 01 01 01 00
G 06 07 06 06 06 07 06 06 06 06 06 06 06 06 06 06 06 05 05 04 04 04 04 04 04 04 04 04 04 04 04 04 04 05 05 04 04 04 04 04 04 04 04 04 04 05 04 04 05 04 04 03 02 02 02 02 01 01 01 00
F 05 05 05 05 05 05 05 05 05 05 05 05 05 05 06 05 05 06 05 04 04 04 04 04 03 03 03 03 03 03 03 03 03 03 03 03 03 03 03 03 03 03 04 03 03 03 03 03 03 04 03 04 02 02 02 02 01 01 01 00
S 04 04 04 04 04 04 04 05 04 04 04 04 04 04 04 04 04 04 04 05 04 04 04 04 03 03 02 02 03 02 02 02 02 02 02 02 02 02 02 02 02 02 02 02 02 02 02 02 02 02 02 02 03 02 02 01 02 00 00 01
A 03 03 03 03 03 03 03 03 03 03 03 03 03 03 03 03 04 03 04 03 03 03 03 04 04 03 02 02 02 02 02 02 02 02 02 02 02 02 02 02 02 02 02 02 02 02 02 02 02 02 02 02 02 01 01 02 01 00 00 00
R 02 02 02 02 02 02 02 02 02 02 02 02 02 02 02 02 02 02 02 02 02 02 02 02 02 02 03 01 01 01 01 01 01 01 01 01 01 01 01 01 01 01 01 01 01 01 01 02 01 01 01 01 01 02 00 00 00 01 00 00
P 01 01 01 02 01 01 01 01 01 01 01 01 01 01 01 01 01 01 01 01 01 01 01 01 01 01 01 02 01 01 01 01 01 01 01 01 01 01 01 01 01 01 01 01 01 01 01 01 00 00 00 00 00 00 01 00 00 00 00 00
G 00 01 00 00 00 01 00 00 00 00 00 00 00 00 00 00 00 00 00 00 00 00 00 00 00 00 00 00 00 00 00 00 00 01 01 00 00 00 00 00 00 00 00 00 00 01 00 00 01 00 00 00 00 00 00 00 00 00 00 00
